2832
1481
2053
1538
1540
1541
1542
1543
3795
3163
3167
3169
3165
4208
2291
4547
3755
3756
2289
1925
4459
2789
3316
4518
1835
1834
3790
2532
3791
4095
2557
91
2575
2290
327
2039
2165
4801
2012
3757
4802
3234
3792
2052
2046
1953
1955
2071
2063
2069
2067
2065
2681
2677
2675
2686
2679
2683
4799
3107
2020
2023
4154
2024
2080
3787
3782
4544
4222
3106
1911
2771
2773
2775
2777
2659
3793
2231
2853
1621
4143
3089
3093
3091
2564
2566
1435
3758
4144
2568
2570
4663
4450
4638
4621
3785
2105
2027
2098
2100
2104
4142
2030
4132
2607
4804
1960
1958
2040
1959
2548
2551
2553
2552
2554
1484
2606
1804
1805
1803
515
2031
2837
2845
2841
2843
2839
2847
3794
1929
2167
1928
1930
1926
1927
3180
3176
3174
3172
3178
2038
3759
2588
2587
2591
2589
2585
4803
3786
4511
4569
2058
2851
2855
3788
4196
1914
1915
3760
1912
4786
2037
3789
2168
3796
4256
2035
1619
2044
2045
2036
1618
4424
4444
4584
4800
1961
1417
