3116
1899
1578
1599
1588
2114
1829
2117
3500
3545
3552
3556
3562
3563
3564
3565
3566
838
1862
827
1589
816
3575
3578
4230
1916
3798
3333
884
3579
3580
3582
3583
3590
840
3591
883
4713
1918
3060
3056
3054
3058
3612
3601
1590
1884
4238
3603
4715
1304
3605
832
1877
1518
2792
1902
4232
1519
3463
4240
3544
3613
1945
4246
3963
1816
396
842
3541
3062
3617
1007
2723
3642
1880
3643
2917
3645
2716
1062
1828
893
3647
3649
3779
4752
3537
3546
3539
3538
1917
3634
3635
3636
3637
1987
1652
1640
1649
3085
1637
1634
3138
1630
1321
1643
1646
3122
1315
1307
1318
1308
3142
2221
955
3650
397
2056
3654
64
4250
3655
3656
3657
3659
3118
1799
1507
3660
3661
3145
3662
1905
1906
3663
950
844
921
820
1903
3664
3332
3665
4234
3668
834
2964
3031
886
1524
171
836
3670
3672
3671
3802
1544
3801
873
940
941
942
934
1827
3674
1595
3675
870
3600
4228
1937
3024
729
1545
710
4709
3104
905
1547
3644
3648
1984
3677
3678
1813
3679
3548
2747
1907
1904
4708
4248
817
3680
1550
3819
3542
821
3681
4714
3682
2733
2729
2731
1940
1942
2741
2735
411
3684
3064
3083
2743
2745
3140
3540
3120
3498
3547
3685
2721
1943
2748
2739
2737
3068
2756
2750
2752
1944
2754
1938
1939
3686
3687
3688
3689
3690
3134
3691
1898
3692
3693
3694
1908
3666
1988
3704
823
3830
3828
3829
4102
3826
3827
3511
826
1810
1223
869
3695
825
3696
2115
4244
3697
3698
3700
3130
3132
2764
1985
1823
3571
3701
3497
4236
3631
2758
2762
3514
3527
3518
3529
3535
3522
3531
3515
3516
4660
4706
3524
3526
3533
3520
4242
3702
1369
2184
3549
880
861
896
2110
3622
3623
3625
3624
3703
887
1919
875
1047
3611
4699
2798
