712
206
4290
4633
743
913
3312
3313
1809
4669
3333
2889
883
2203
3544
3613
342
3615
1122
4292
1802
2917
3814
2091
893
555
2908
1060
4268
3331
906
1220
2221
560
3784
4635
2159
993
4321
973
65
4634
3720
1798
1113
4296
783
3332
2964
3031
4594
886
1378
1374
4265
3448
1536
4398
4266
873
4309
907
419
4312
870
4428
3733
705
3310
4327
729
345
710
708
3314
815
3551
905
3648
3595
1011
4294
2936
3569
4264
3311
4324
3734
4300
4596
3783
4298
4105
908
1777
4302
4286
127
4636
1221
4317
1222
3920
4260
4267
3112
3155
3550
4263
3066
1223
1781
869
912
3754
4377
1381
3219
4314
2256
4287
1909
4319
3309
4304
1369
880
861
1851
1205
4272
896
4274
4426
875
448
3611
