1580
1596
1989
712
1379
206
4290
4633
1040
3567
4193
2291
1115
3719
913
1809
4669
3333
3721
2289
2886
4107
4616
4739
626
2148
2181
2149
2203
3334
1835
1834
1990
4254
3743
2205
1117
3615
1808
4814
2134
4292
1226
2290
4555
3814
1061
2091
2210
2012
2212
3779
4752
1806
4270
1060
1923
4268
3331
3336
906
1534
1220
2221
2097
3718
560
4635
2159
3763
2227
993
4321
1194
1181
4634
3720
3750
3715
1368
1460
4159
901
1113
4629
844
2080
4296
1439
1794
3031
3744
4594
2116
4655
66
234
171
4265
3448
2231
836
1536
1621
3712
4266
3776
1852
4790
4762
2915
3749
4312
2183
4740
2932
2011
3733
1842
4329
1435
4327
1211
2234
2154
345
662
4561
4560
815
1449
3551
3741
2030
4773
3335
4179
3714
4271
1011
4294
2936
511
2241
2077
1216
1119
4650
1215
1642
910
4264
1440
4553
4324
3734
3735
4300
4596
1373
4298
4105
4794
2058
4302
3722
4286
1779
4636
1221
4180
4317
1222
3920
4260
1922
826
4267
3155
4263
3066
1448
1223
1781
2041
1830
1826
912
1784
2147
1619
1535
4314
2256
4287
1909
3630
4319
4127
2258
4619
4304
3711
4130
2262
1851
1205
1618
4272
896
2266
1964
448
1457
4551
