3562
3563
3565
3566
838
827
816
3578
4230
3798
3333
3590
840
883
4713
3056
3054
3058
3612
1590
4238
4715
832
4232
1519
4240
3544
3613
1945
4246
842
3541
3062
1007
2917
3645
1828
893
3649
3779
4752
3537
3546
3539
3538
3634
3635
3636
3637
1652
1640
1649
3085
1637
1634
3138
1630
1321
1643
1646
3122
1315
1307
1318
1308
2221
397
4250
3655
3656
3657
3659
3145
3662
844
820
3332
3665
4234
834
2964
3031
886
171
836
3670
873
940
941
942
934
1595
870
3600
4228
729
710
905
3644
3648
3678
3548
4248
3542
821
3681
4714
2733
2729
2731
1940
1942
2741
2735
411
3064
3083
2743
2745
3140
3540
3120
3498
3547
2721
1943
2748
2739
2737
3068
2756
2750
2752
1944
2754
1938
1939
3686
823
3830
3828
3829
4102
3826
3827
3511
826
1223
869
825
2115
4244
3697
3571
4236
4242
1369
3549
880
861
896
2110
3622
3623
3625
3624
875
3611
4699
