3116
1899
1578
1580
1599
1588
2114
1829
1596
1989
2117
4741
3500
1379
2832
1481
2053
1538
1540
1415
1541
1414
1542
3545
1543
2556
3795
3163
3162
3160
3167
3165
3169
1793
3295
3552
3553
1651
3330
3247
3290
4278
904
882
3821
3646
3543
989
988
1370
1217
3128
895
4779
860
3570
3585
853
4700
3640
3641
3667
3638
3639
1525
1611
4782
3593
3328
1027
4447
4502
3556
1040
3562
4208
3563
3633
3568
3557
3564
3567
3561
3565
1038
3566
4589
4193
838
2291
4547
1862
827
743
971
1589
816
851
203
4373
4374
4376
4375
4362
4410
3575
3574
3578
3598
233
3817
1115
878
4612
3719
4342
2892
3087
1516
1339
4230
3755
1916
3756
3798
884
3579
3580
3582
3583
3590
3113
3213
3721
840
2289
3591
2889
2972
3108
2886
1925
4107
4616
4350
4356
3587
4178
3558
3717
3629
954
3608
953
4713
1639
1918
475
3577
3060
3599
3056
3054
3058
3612
2914
3298
3291
4459
3820
4739
3601
626
1590
694
1884
2789
339
2148
2181
2149
4238
3334
4568
3603
3604
3316
4715
625
622
1765
1304
4518
1835
1834
3605
832
3731
925
1877
3616
1518
2792
1902
946
4682
4686
4687
4775
4232
1519
4224
3463
3461
4240
1648
1990
3790
4089
4254
3544
3743
3429
2532
3304
746
725
1945
3791
4095
4465
2557
4246
342
2910
3431
3249
2205
2208
1117
899
3961
3963
2143
1816
1808
4814
931
2139
991
1766
2134
4310
550
396
1226
2575
2142
842
2290
327
3541
3062
2039
1767
3197
876
4555
3617
3699
987
846
1007
2723
3642
1880
720
304
2164
2165
964
4801
4533
3643
1768
1822
63
3586
3645
3596
2716
1062
1656
1061
1828
2210
3588
2012
4128
3647
3649
2212
3779
4752
3029
4213
4214
3077
1806
3806
4270
1604
3618
1769
1923
3757
3537
3546
3539
3538
3336
1917
3634
3635
3636
3637
4802
1575
1987
4727
1652
1036
2894
1336
1640
1649
3085
995
1637
1634
3138
1534
1630
1321
1643
1646
3122
1315
1307
1318
1201
1308
4217
62
672
2492
3142
1333
1325
1330
1331
1334
1498
1496
3710
2969
3736
1770
955
1771
2097
3650
3651
3653
3718
4521
3234
4531
3792
2052
4583
2046
397
1953
1955
1772
3239
3713
1892
1885
1815
1818
3073
1812
1975
3075
3074
1976
1893
1894
3071
1897
1895
1825
1896
2056
3308
3761
3818
3763
2071
2065
2063
2062
2069
2067
3209
2074
1311
2227
2059
4344
3654
1064
3426
312
3146
891
1194
1773
1181
4407
2685
2681
2677
2687
2675
2673
2686
2679
2683
4657
4187
4250
4161
3750
3655
969
3656
3657
3659
3118
4799
3658
1799
3107
1507
4103
3715
3660
1368
3824
3251
2020
2023
3661
1460
4159
4149
3145
4154
4151
897
901
1593
3662
1905
1906
3663
4099
4629
2024
950
844
2080
1636
3299
3189
3292
3584
516
3337
1774
3787
1091
3224
4381
3293
3782
3296
1633
920
3610
919
3226
3374
3738
4544
4730
921
2954
1439
4365
820
1903
3664
4339
3665
4222
4234
3147
2883
3727
3668
834
742
3106
932
943
933
4780
1632
2968
1792
1911
4191
1794
2771
2773
2775
2777
2659
4539
3744
886
3589
1524
583
3793
4457
3725
3729
2116
4363
3597
1487
1497
4655
1775
4145
4168
3195
4792
1509
2231
836
2853
3670
3672
3740
3671
3802
1621
1544
3801
4143
3089
3093
3091
3253
1403
1410
3730
3732
3712
3305
2564
3776
4505
4467
1852
4790
940
941
942
934
4762
1827
673
2043
3025
3572
2718
1521
1553
2915
2566
3674
997
3749
4192
1595
3745
3675
3600
1409
212
1629
2183
4740
4228
1937
2932
2011
4185
1842
1313
4329
705
1435
3758
1832
3024
1407
4144
1211
2234
4463
2568
2570
230
1302
510
4663
4646
4450
417
723
4638
4621
4639
2154
345
3554
985
662
3706
3785
1545
4561
3148
2105
2027
3746
2560
3781
3724
3427
464
4513
4560
4709
4537
1449
2098
2100
2104
3001
3465
4142
3104
2970
3741
1548
1547
671
3644
2030
3340
4773
3335
1984
4132
4179
3307
2607
4681
4680
4679
4776
3714
4271
3677
3602
3678
1813
3679
4732
1301
1549
4804
511
1960
1958
2040
1959
195
3548
2548
2551
2550
2553
2552
2554
2555
1484
2606
1804
1805
1803
4163
2747
3726
515
441
1907
717
1605
3619
2031
2837
2845
2841
2843
2839
2847
1464
3300
3297
3794
1904
2690
4708
2911
3149
2241
3436
1929
2167
1928
1930
1926
1927
3326
3180
3176
3182
3174
3171
4662
3172
3178
811
4248
817
3680
2077
1550
3819
824
965
2038
4624
1371
3759
3542
2244
1776
1320
737
1216
1119
4529
4527
4781
4650
1215
556
1035
1608
1340
3414
1607
1591
1338
4395
1592
567
996
3413
4743
1533
1833
3594
1531
1372
1532
1210
1202
4414
4413
4415
4412
1610
1609
4216
518
2141
821
1642
2953
3681
4714
910
3682
1645
2587
2598
2589
2599
2590
2582
2588
2585
2591
889
2733
2729
2731
1940
1942
2741
2735
411
3684
3064
3083
3683
2743
2745
3140
3540
3120
1941
3498
3547
3685
2721
1943
2748
2739
2737
3068
2756
2750
2752
1944
2754
1938
1939
1440
4553
2701
2693
2703
2695
3450
4803
1105
3341
3026
3786
3214
4592
4729
3306
1523
3735
3751
3686
3687
4511
4569
3076
3688
3689
1373
3229
3815
3690
1486
1485
3742
3134
3691
3294
4794
2058
1898
1657
944
1323
565
809
1654
1025
3722
3723
3692
1314
2851
2855
3693
3694
1778
4614
4609
3788
3327
1306
4196
1779
1908
3666
1988
3555
2916
4180
1408
3704
1838
823
4277
3830
3828
3829
3825
4102
3826
3827
1914
1915
3760
1912
1913
2921
3301
468
318
4742
3315
3232
3460
1922
826
1810
3421
4625
3424
898
2973
4683
4685
4684
4777
4751
4756
4757
4778
3338
4786
4600
4602
4605
4603
1655
291
3728
2037
4791
1448
1782
3559
2041
1830
1826
1843
1335
869
3695
825
3789
2168
3696
2115
4244
3697
3217
1511
3325
3324
3796
4256
3698
1180
3700
2057
3255
4347
4486
3130
3132
1784
2147
2035
1619
2764
1985
1317
1823
1043
1535
4446
3571
1024
3701
4129
295
3497
2044
2045
3458
3302
2036
4236
1305
4388
2909
1087
1075
1606
3627
1086
3628
1080
3631
3630
3632
1077
2758
2762
4127
1901
3865
1864
3592
3606
1879
1010
1882
956
952
923
3669
1546
3103
3676
3560
1844
1986
3621
3256
1048
3576
3081
3135
3127
3191
2788
2175
3581
4697
3739
3573
3962
2720
1522
1554
890
2258
4728
4242
959
3702
4619
2184
3711
3549
3737
962
4130
2262
2144
4176
949
3609
948
4348
4567
1618
896
2266
2110
3620
3622
3623
3625
3624
4532
3703
887
4274
2967
4275
4358
1964
1919
4424
4444
4566
4584
4800
1569
1457
209
4551
3323
4166
3716
582
503
3329
3303
1961
1047
236
4761
4549
918
3607
916
4699
4349
4354
1499
1954
1513
461
2798
