1454
3474
3499
12
115
3317
1458
4330
2478
1702
478
3475
1671
1342
1386
1192
1397
3276
4675
1600
634
1622
3501
977
1395
4737
3187
1430
3277
1664
3280
1465
4765
1441
298
1624
4736
4628
1679
974
1687
4280
1704
320
1682
3318
313
522
4123
1188
3204
1683
1193
1354
3476
4124
1347
587
4597
3284
4677
4122
3319
4768
649
1686
1692
4767
900
2055
1375
2931
4676
1461
1672
1466
1676
1713
1452
1398
1684
3502
3478
1673
1396
3797
1393
4598
4759
1294
3320
3503
1696
1690
1699
4766
3279
3215
4281
3321
3322
4627
3207
615
1570
1661
1668
1666
4279
4125
3479
4371
3477
1468
1701
240
1674
3222
1660
1681
49
1365
380
3762
3480
3283
1419
1697
4146
420
4678
1505
1706
1707
1716
1623
3481
1710
2761
4126
1670
3278
1714
3504
3505
1675
976
1662
